7.371996581094333756e+00
7.371996581094333756e+00
7.371996581094333756e+00
7.371996581094333756e+00
7.371996581094333756e+00
7.371996581094333756e+00
6.536537387653630127e+00
6.374709548937128822e+00
6.356291218247972274e+00
6.356291218247972274e+00
6.353596064705501867e+00
6.353596064705501867e+00
6.353596064705501867e+00
6.353596064705501867e+00
6.353596064705501867e+00
6.353596064705501867e+00
6.353596064705501867e+00
6.353596064705501867e+00
6.353596064705501867e+00
6.353596064705501867e+00
6.353596064705501867e+00
6.353596064705501867e+00
6.353596064705501867e+00
6.353596064705501867e+00
6.353596064705501867e+00
6.353596064705501867e+00
6.230202754486274586e+00
6.158010864154809916e+00
6.155729904534831043e+00
6.152927849257878279e+00
6.152927849257878279e+00
6.139777356461571856e+00
6.091373600377401942e+00
6.091373600377401942e+00
6.090984524304333014e+00
6.090213231189658849e+00
6.090213231189658849e+00
6.089050942042533165e+00
6.089050942042533165e+00
6.059438788049656743e+00
