7.243500190813617401e+00
6.277959029557431236e+00
6.277959029557431236e+00
6.215364802020027390e+00
6.161295372106554424e+00
6.161295372106554424e+00
6.161295372106554424e+00
6.095210118966677193e+00
6.094402413417432385e+00
6.081544120084538818e+00
6.068821070146932506e+00
6.048556368753566836e+00
6.048556368753566836e+00
6.048556368753566836e+00
6.048556368753566836e+00
5.983902362017941456e+00
5.947650625361829313e+00
5.906652356892871047e+00
5.906652356892871047e+00
5.906652356892871047e+00
5.901615892001493613e+00
5.894260735931788453e+00
5.876999367183327827e+00
5.876999367183327827e+00
5.876999367183327827e+00
5.876999367183327827e+00
5.876960440548510078e+00
5.874089764944651293e+00
5.870805485503789001e+00
5.870805485503789001e+00
5.870805485503789001e+00
5.870805485503789001e+00
5.870805485503789001e+00
5.870805485503789001e+00
5.870805485503789001e+00
5.870805485503789001e+00
5.870805485503789001e+00
5.870805485503789001e+00
5.870805485503789001e+00
5.870805485503789001e+00
