9.018358758477386772e+00
9.018358758477386772e+00
9.018358758477386772e+00
9.018358758477386772e+00
9.018358758477386772e+00
7.166300870399942902e+00
7.166300870399942902e+00
7.166300870399942902e+00
7.166300870399942902e+00
7.166300870399942902e+00
7.166300870399942902e+00
7.166300870399942902e+00
7.166300870399942902e+00
7.166300870399942902e+00
7.166300870399942902e+00
7.166300870399942902e+00
7.166300870399942902e+00
7.166300870399942902e+00
7.166300870399942902e+00
7.166300870399942902e+00
7.166300870399942902e+00
7.166300870399942902e+00
7.166300870399942902e+00
7.166300870399942902e+00
7.166300870399942902e+00
7.166300870399942902e+00
7.166300870399942902e+00
7.166300870399942902e+00
7.166300870399942902e+00
6.210934448510847083e+00
6.210934448510847083e+00
6.210934448510847083e+00
6.210934448510847083e+00
6.210934448510847083e+00
6.210934448510847083e+00
6.210934448510847083e+00
6.210934448510847083e+00
6.210934448510847083e+00
6.210934448510847083e+00
6.210934448510847083e+00
