6.478375877234195279e+00
6.478375877234195279e+00
6.385344307268928432e+00
6.385344307268928432e+00
6.385344307268928432e+00
6.385344307268928432e+00
6.255018598484344494e+00
6.255018598484344494e+00
6.233588160416418056e+00
5.933947633319276882e+00
5.894115560857219549e+00
5.894115560857219549e+00
5.894115560857219549e+00
5.894115560857219549e+00
5.894115560857219549e+00
5.894115560857219549e+00
5.894115560857219549e+00
5.894115560857219549e+00
5.894115560857219549e+00
5.894115560857219549e+00
5.894115560857219549e+00
5.740111632275228359e+00
5.740111632275228359e+00
5.740111632275228359e+00
5.740111632275228359e+00
5.740111632275228359e+00
5.740111632275228359e+00
5.740111632275228359e+00
5.740111632275228359e+00
5.740111632275228359e+00
5.740111632275228359e+00
5.740111632275228359e+00
5.740111632275228359e+00
5.657387721199779840e+00
5.595585875980881418e+00
5.480311898213019006e+00
5.480311898213019006e+00
5.480311898213019006e+00
5.480311898213019006e+00
5.480311898213019006e+00
