1.009729064178688773e+01
9.185039273522251690e+00
7.868338036408124125e+00
7.460733598897943075e+00
7.460733598897943075e+00
7.460733598897943075e+00
7.460733598897943075e+00
7.460733598897943075e+00
7.460733598897943075e+00
7.460733598897943075e+00
7.376921998201138919e+00
7.376921998201138919e+00
7.376921998201138919e+00
7.376921998201138919e+00
7.376921998201138919e+00
7.376921998201138919e+00
7.376921998201138919e+00
7.376921998201138919e+00
7.376921998201138919e+00
7.376921998201138919e+00
7.342693516958306965e+00
7.342693516958306965e+00
7.342693516958306965e+00
7.342693516958306965e+00
7.328596583388017116e+00
7.328596583388017116e+00
7.328596583388017116e+00
7.268595100513453033e+00
7.268595100513453033e+00
7.268595100513453033e+00
7.268595100513453033e+00
7.257426708664671544e+00
7.257426708664671544e+00
7.186381072910609902e+00
7.186381072910609902e+00
7.186381072910609902e+00
7.186381072910609902e+00
7.186381072910609902e+00
7.186381072910609902e+00
7.186381072910609902e+00
