5.913269729246904305e+00
5.834961090703297160e+00
5.834961090703297160e+00
5.834961090703297160e+00
5.834961090703297160e+00
5.718626826177724887e+00
5.718626826177724887e+00
5.718626826177724887e+00
5.670607256088255888e+00
5.603960993650219713e+00
5.603960993650219713e+00
5.603960993650219713e+00
5.545723360454499762e+00
5.545723360454499762e+00
5.545723360454499762e+00
5.545723360454499762e+00
5.545723360454499762e+00
5.545723360454499762e+00
5.545723360454499762e+00
5.545723360454499762e+00
5.545723360454499762e+00
5.545723360454499762e+00
5.545723360454499762e+00
5.545723360454499762e+00
5.531687440645635334e+00
5.527726035860323961e+00
5.527726035860323961e+00
5.527726035860323961e+00
5.527726035860323961e+00
5.527726035860323961e+00
5.527726035860323961e+00
5.527726035860323961e+00
5.527726035860323961e+00
5.527726035860323961e+00
5.527726035860323961e+00
5.527726035860323961e+00
5.527726035860323961e+00
5.527726035860323961e+00
5.527726035860323961e+00
5.527726035860323961e+00
